&musicTitle=雲は流れて,Phalene,https://www.youtube.com/watch?v=2L3ce4JqhmQ&
&difData=5,easy,2,70,2,7$5,Normal,2,70,2,7&
&setColor=0xcccccc,0xff,0xffffff,0xff0066&
&frzColor=0xffff,0x6600ff,0x99ff66,0xaaff77&
&startFrame=0&

&left_data=295,478,843,934,1162,1208,1573,1846,1938,2394,2485,2850,2896,2941,3124,3352,3580,4265,4356,4630,4858,5132,5633,5725,5953,5998,6044,6090&down_data=341,523,706,797,1116,1299,1436,1527,1618,1709,1755,2029,2074,2120,2668,2987,3306,3535,3717,3900,4173,4219,4493,4584,4675,5314,5497,5588&up_data=386,569,660,751,1071,1253,1390,1481,1892,2166,2211,2257,2622,2713,2759,2805,3033,3170,3398,3489,3763,3854,3945,4082,4128,4310,4401,4721,4949,4995,5040,5268,5360,5451,5679,5816&right_data=432,614,888,979,1025,1664,1801,1983,2348,2439,2576,3078,3215,3443,3626,3671,3808,3991,4036,4447,4538,4766,4903,5086,5177,5223,5405,5770,5862,5953,5998,6044,6090&space_data=1344,2303,2531,3261,4812,5542,5907&frzLeft_data=&frzDown_data=6112,6124,6135,6147,6158,6170,6181,6192,6204,6215,6227,6238,6249,6261,6272,6284,6295,6306,6318&frzUp_data=6112,6124,6135,6147,6158,6170,6181,6192,6204,6215,6227,6238,6249,6261,6272,6284,6295,6306,6318&frzRight_data=&frzSpace_data=&boost_data=&speed_data=&

&left2_data=363,523,660,888,1025,1071,1230,1458,1573,1618,1755,1892,1938,1983,2211,2325,2554,2713,2919,2964,3215,3329,3443,3626,3717,3740,3968,4082,4128,4151,4173,4447,4516,4744,4789,4858,5109,5200,5565,5633,5770,5816,5930&down2_data=341,409,500,683,797,865,1162,1436,1504,1550,1595,1778,1869,1960,2166,2234,2303,2348,2531,2645,2668,2896,2987,3033,3078,3238,3375,3420,3603,3763,4356,4424,4493,4538,4721,4812,4881,5040,5223,5268,5542,5611,5793,5839,5907,5998,6112&up2_data=318,432,478,728,774,843,1139,1185,1413,1527,1801,1846,1960,2143,2257,2325,2508,2599,2690,2873,3010,3055,3078,3261,3352,3420,3694,3785,3945,4036,4333,4401,4493,4538,4698,4835,4903,5086,5154,5246,5428,5474,5519,5588,5884,5976&right2_data=295,455,706,820,1048,1093,1208,1253,1390,1550,1938,1983,2120,2303,2348,2485,2622,2713,2850,3284,3398,3580,3649,3808,3991,4059,4128,4151,4173,4310,4516,4675,5063,5177,5268,5405,5451,5953&space2_data=569,614,934,979,1299,1344,1664,1709,2029,2074,2394,2417,2439,2759,2805,3124,3170,3489,3535,3854,3900,4219,4242,4265,4584,4630,4949,4995,5314,5360,5679,5725,6044,6090&frzLeft2_data=&frzDown2_data=&frzUp2_data=&frzRight2_data=&frzSpace2_data=&boost_data=&speed_data=&

&first_num=295&haba_num=22.8137&haba_page_num=0&rhythm_num=&label_num=0&beat_num=4&dataEnd=true&
&tuning=委員長すこフィールド